Output from the Graph Environmental Effects 
      function of WinMaxc32 v2.50
STARTING CONDITIONS
 37.0 C   pH  7.00     0.180N
CHELATOR TOTAL[M] and METAL FREE[M]
ATP          CRPHOSP      EGTA                                                
 4.63E-03     1.45E-02     7.00E-03                                           
Ca2          Mg2                                                              
 3.15E-05     1.00E-03                                                        
 
 FCa2        TCa2       TMg2      
 1.00E-09   1.86E-05   5.74E-03                                              
 1.22E-09   2.27E-05   5.74E-03                                              
 1.45E-09   2.69E-05   5.74E-03                                              
 1.68E-09   3.11E-05   5.74E-03                                              
 1.90E-09   3.52E-05   5.74E-03                                              
 2.13E-09   3.94E-05   5.74E-03                                              
 2.35E-09   4.35E-05   5.74E-03                                              
 2.58E-09   4.77E-05   5.74E-03                                              
 2.80E-09   5.18E-05   5.74E-03                                              
 3.03E-09   5.59E-05   5.74E-03                                              
 3.25E-09   6.00E-05   5.74E-03                                              
 3.48E-09   6.42E-05   5.74E-03                                              
 3.70E-09   6.83E-05   5.74E-03                                              
 3.93E-09   7.24E-05   5.74E-03                                              
 4.15E-09   7.65E-05   5.74E-03                                              
 4.38E-09   8.06E-05   5.74E-03                                              
 4.60E-09   8.47E-05   5.74E-03                                              
 4.83E-09   8.88E-05   5.74E-03                                              
 5.05E-09   9.28E-05   5.74E-03                                              
 5.28E-09   9.69E-05   5.74E-03                                              
 5.50E-09   1.01E-04   5.74E-03                                              
 5.73E-09   1.05E-04   5.74E-03                                              
 5.95E-09   1.09E-04   5.74E-03                                              
 6.18E-09   1.13E-04   5.73E-03                                              
 6.40E-09   1.17E-04   5.73E-03                                              
 6.63E-09   1.21E-04   5.73E-03                                              
 6.85E-09   1.25E-04   5.73E-03                                              
 7.08E-09   1.29E-04   5.73E-03                                              
 7.30E-09   1.33E-04   5.73E-03                                              
 7.53E-09   1.37E-04   5.73E-03                                              
 7.75E-09   1.41E-04   5.73E-03                                              
 7.98E-09   1.46E-04   5.73E-03                                              
 8.20E-09   1.50E-04   5.73E-03                                              
 8.43E-09   1.54E-04   5.73E-03                                              
 8.65E-09   1.58E-04   5.73E-03                                              
 8.88E-09   1.62E-04   5.73E-03                                              
 9.10E-09   1.66E-04   5.73E-03                                              
 9.33E-09   1.70E-04   5.73E-03                                              
 9.55E-09   1.74E-04   5.73E-03                                              
 9.78E-09   1.78E-04   5.73E-03                                              
 1.00E-08   1.81E-04   5.73E-03                                              
 1.01E-08   1.83E-04   5.73E-03                                              
 1.23E-08   2.23E-04   5.73E-03                                              
 1.45E-08   2.62E-04   5.72E-03                                              
 1.68E-08   3.00E-04   5.72E-03                                              
 1.91E-08   3.38E-04   5.72E-03                                              
 2.13E-08   3.76E-04   5.72E-03                                              
 2.36E-08   4.13E-04   5.71E-03                                              
 2.58E-08   4.50E-04   5.71E-03                                              
 2.81E-08   4.87E-04   5.71E-03                                              
 3.03E-08   5.23E-04   5.71E-03                                              
 3.26E-08   5.59E-04   5.70E-03                                              
 3.48E-08   5.94E-04   5.70E-03                                              
 3.71E-08   6.29E-04   5.70E-03                                              
 3.93E-08   6.63E-04   5.70E-03                                              
 4.16E-08   6.97E-04   5.69E-03                                              
 4.38E-08   7.31E-04   5.69E-03                                              
 4.61E-08   7.64E-04   5.69E-03                                              
 4.83E-08   7.98E-04   5.69E-03                                              
 5.06E-08   8.30E-04   5.68E-03                                              
 5.28E-08   8.63E-04   5.68E-03                                              
 5.50E-08   8.95E-04   5.68E-03                                              
 5.73E-08   9.26E-04   5.68E-03                                              
 5.95E-08   9.58E-04   5.68E-03                                              
 6.18E-08   9.89E-04   5.67E-03                                              
 6.40E-08   1.01E-03   5.67E-03                                              
 6.63E-08   1.05E-03   5.67E-03                                              
 6.85E-08   1.08E-03   5.67E-03                                              
 7.08E-08   1.11E-03   5.67E-03                                              
 7.30E-08   1.13E-03   5.66E-03                                              
 7.53E-08   1.16E-03   5.66E-03                                              
 7.75E-08   1.19E-03   5.66E-03                                              
 7.98E-08   1.22E-03   5.66E-03                                              
 8.20E-08   1.25E-03   5.66E-03                                              
 8.43E-08   1.28E-03   5.65E-03                                              
 8.65E-08   1.31E-03   5.65E-03                                              
 8.88E-08   1.33E-03   5.65E-03                                              
 9.10E-08   1.36E-03   5.65E-03                                              
 9.33E-08   1.39E-03   5.65E-03                                              
 9.55E-08   1.41E-03   5.64E-03                                              
 9.78E-08   1.44E-03   5.64E-03                                              
 1.00E-07   1.47E-03   5.64E-03  
 1.01E-07   1.48E-03   5.64E-03                                              
 1.23E-07   1.73E-03   5.62E-03                                              
 1.46E-07   1.96E-03   5.61E-03                                              
 1.68E-07   2.17E-03   5.59E-03                                              
 1.91E-07   2.36E-03   5.58E-03                                              
 2.13E-07   2.54E-03   5.57E-03                                              
 2.36E-07   2.70E-03   5.55E-03                                              
 2.58E-07   2.85E-03   5.54E-03                                              
 2.81E-07   2.99E-03   5.53E-03                                              
 3.03E-07   3.13E-03   5.52E-03                                              
 3.26E-07   3.25E-03   5.52E-03                                              
 3.48E-07   3.37E-03   5.51E-03                                              
 3.71E-07   3.48E-03   5.50E-03                                              
 3.93E-07   3.58E-03   5.49E-03                                              
 4.16E-07   3.68E-03   5.49E-03                                              
 4.38E-07   3.77E-03   5.48E-03                                              
 4.61E-07   3.86E-03   5.47E-03                                              
 4.83E-07   3.94E-03   5.47E-03                                              
 5.06E-07   4.02E-03   5.46E-03                                              
 5.28E-07   4.09E-03   5.46E-03                                              
 5.50E-07   4.16E-03   5.45E-03                                              
 5.73E-07   4.23E-03   5.45E-03                                              
 5.95E-07   4.29E-03   5.44E-03                                              
 6.18E-07   4.35E-03   5.44E-03                                              
 6.40E-07   4.41E-03   5.43E-03                                              
 6.63E-07   4.47E-03   5.43E-03                                              
 6.85E-07   4.52E-03   5.43E-03                                              
 7.08E-07   4.57E-03   5.42E-03                                              
 7.30E-07   4.62E-03   5.42E-03                                              
 7.53E-07   4.67E-03   5.42E-03                                              
 7.75E-07   4.72E-03   5.41E-03                                              
 7.98E-07   4.76E-03   5.41E-03                                              
 8.20E-07   4.80E-03   5.41E-03                                              
 8.43E-07   4.84E-03   5.40E-03                                              
 8.65E-07   4.88E-03   5.40E-03                                              
 8.88E-07   4.92E-03   5.40E-03                                              
 9.10E-07   4.96E-03   5.40E-03                                              
 9.33E-07   4.99E-03   5.39E-03                                              
 9.55E-07   5.03E-03   5.39E-03                                              
 9.78E-07   5.06E-03   5.39E-03                                              
 1.00E-06   5.09E-03   5.39E-03                                              
 1.01E-06   5.10E-03   5.38E-03                                              
 1.23E-06   5.37E-03   5.37E-03                                              
 1.46E-06   5.57E-03   5.35E-03                                              
 1.68E-06   5.73E-03   5.34E-03                                              
 1.91E-06   5.85E-03   5.33E-03                                              
 2.13E-06   5.96E-03   5.32E-03                                              
 2.36E-06   6.04E-03   5.32E-03                                              
 2.58E-06   6.12E-03   5.31E-03                                              
 2.81E-06   6.18E-03   5.31E-03                                              
 3.03E-06   6.24E-03   5.30E-03                                              
 3.26E-06   6.29E-03   5.30E-03                                              
 3.48E-06   6.33E-03   5.30E-03                                              
 3.71E-06   6.37E-03   5.29E-03                                              
 3.93E-06   6.40E-03   5.29E-03                                              
 4.16E-06   6.43E-03   5.29E-03                                              
 4.38E-06   6.46E-03   5.29E-03                                              
 4.61E-06   6.49E-03   5.28E-03                                              
 4.83E-06   6.51E-03   5.28E-03                                              
 5.06E-06   6.53E-03   5.28E-03                                              
 5.28E-06   6.55E-03   5.28E-03                                              
 5.51E-06   6.57E-03   5.28E-03                                              
 5.73E-06   6.59E-03   5.28E-03                                              
 5.95E-06   6.60E-03   5.27E-03                                              
 6.18E-06   6.62E-03   5.27E-03                                              
 6.40E-06   6.63E-03   5.27E-03                                              
 6.63E-06   6.64E-03   5.27E-03                                              
 6.85E-06   6.66E-03   5.27E-03                                              
 7.08E-06   6.67E-03   5.27E-03                                              
 7.30E-06   6.68E-03   5.27E-03                                              
 7.53E-06   6.69E-03   5.27E-03                                              
 7.75E-06   6.70E-03   5.26E-03                                              
 7.98E-06   6.71E-03   5.26E-03                                              
 8.20E-06   6.72E-03   5.26E-03                                              
 8.43E-06   6.73E-03   5.26E-03                                              
 8.65E-06   6.73E-03   5.26E-03                                              
 8.88E-06   6.74E-03   5.26E-03                                              
 9.10E-06   6.75E-03   5.26E-03                                              
 9.33E-06   6.76E-03   5.26E-03                                              
 9.55E-06   6.76E-03   5.26E-03                                              
 9.78E-06   6.77E-03   5.26E-03                                              
 1.00E-05   6.78E-03   5.26E-03                                              
 1.01E-05   6.78E-03   5.26E-03                                              
 1.23E-05   6.83E-03   5.25E-03                                              
 1.46E-05   6.87E-03   5.24E-03                                              
 1.68E-05   6.90E-03   5.24E-03                                              
 1.91E-05   6.92E-03   5.23E-03                                              
 2.13E-05   6.94E-03   5.23E-03                                              
 2.36E-05   6.96E-03   5.23E-03                                              
 2.58E-05   6.97E-03   5.22E-03                                              
 2.81E-05   6.99E-03   5.22E-03                                              
 3.03E-05   7.00E-03   5.21E-03                                              
 3.26E-05   7.01E-03   5.21E-03                                              
 3.48E-05   7.02E-03   5.21E-03                                              
 3.71E-05   7.04E-03   5.20E-03                                              
 3.93E-05   7.05E-03   5.20E-03                                              
 4.16E-05   7.06E-03   5.20E-03                                              
 4.38E-05   7.07E-03   5.19E-03                                              
 4.61E-05   7.07E-03   5.19E-03                                              
 4.83E-05   7.08E-03   5.19E-03                                              
 5.06E-05   7.09E-03   5.18E-03                                              
 5.28E-05   7.10E-03   5.18E-03                                              
 5.51E-05   7.11E-03   5.17E-03                                              
 5.73E-05   7.12E-03   5.17E-03                                              
 5.95E-05   7.13E-03   5.17E-03                                              
 6.18E-05   7.13E-03   5.16E-03                                              
 6.40E-05   7.14E-03   5.16E-03                                              
 6.63E-05   7.15E-03   5.16E-03                                              
 6.85E-05   7.16E-03   5.15E-03                                              
 7.08E-05   7.16E-03   5.15E-03                                              
 7.30E-05   7.17E-03   5.15E-03                                              
 7.53E-05   7.18E-03   5.14E-03                                              
 7.75E-05   7.19E-03   5.14E-03                                              
 7.98E-05   7.19E-03   5.14E-03                                              
 8.20E-05   7.20E-03   5.13E-03                                              
 8.43E-05   7.21E-03   5.13E-03                                              
 8.65E-05   7.21E-03   5.13E-03                                              
 8.88E-05   7.22E-03   5.12E-03                                              
 9.10E-05   7.23E-03   5.12E-03                                              
 9.33E-05   7.23E-03   5.12E-03                                              
 9.55E-05   7.24E-03   5.11E-03                                              
 9.78E-05   7.25E-03   5.11E-03                                              
 1.00E-04   7.26E-03   5.11E-03                                              
 
 
 
NOT VALID BELOW IONIC CONCENTRATION OF CHELATOR/METAL COMPLEX [ 0.055 N]
