Output from the Graph Environmental Effects 
      function of WinMaxc32 v2.50
STARTING CONDITIONS
 22.0 C   pH  7.00     0.180N
CHELATOR TOTAL[M] and METAL FREE[M]
ATP          CRPHOSP      EGTA                                                
 4.80E-03     1.45E-02     7.00E-03                                           
Ca2          Mg2                                                              
 3.16E-05     1.00E-03                                                        
 
 FCa2        TCa2       TMg2      
 1.00E-07   1.25E-03   5.48E-03                                              
 1.22E-07   1.48E-03   5.47E-03                                              
 1.45E-07   1.69E-03   5.47E-03                                              
 1.67E-07   1.88E-03   5.46E-03                                              
 1.90E-07   2.06E-03   5.45E-03                                              
 2.12E-07   2.23E-03   5.45E-03                                              
 2.35E-07   2.38E-03   5.44E-03                                              
 2.57E-07   2.53E-03   5.44E-03                                              
 2.80E-07   2.66E-03   5.43E-03                                              
 3.02E-07   2.79E-03   5.43E-03                                              
 3.25E-07   2.91E-03   5.42E-03                                              
 3.47E-07   3.03E-03   5.42E-03                                              
 3.70E-07   3.14E-03   5.41E-03                                              
 3.92E-07   3.24E-03   5.41E-03                                              
 4.15E-07   3.34E-03   5.41E-03                                              
 4.37E-07   3.43E-03   5.40E-03                                              
 4.60E-07   3.52E-03   5.40E-03                                              
 4.82E-07   3.60E-03   5.40E-03                                              
 5.05E-07   3.68E-03   5.39E-03                                              
 5.27E-07   3.76E-03   5.39E-03                                              
 5.50E-07   3.83E-03   5.39E-03                                              
 5.72E-07   3.90E-03   5.38E-03                                              
 5.95E-07   3.96E-03   5.38E-03                                              
 6.17E-07   4.03E-03   5.38E-03                                              
 6.40E-07   4.09E-03   5.38E-03                                              
 6.62E-07   4.15E-03   5.38E-03                                              
 6.85E-07   4.20E-03   5.37E-03                                              
 7.07E-07   4.26E-03   5.37E-03                                              
 7.30E-07   4.31E-03   5.37E-03                                              
 7.52E-07   4.36E-03   5.37E-03                                              
 7.75E-07   4.41E-03   5.37E-03                                              
 7.97E-07   4.46E-03   5.36E-03                                              
 8.20E-07   4.50E-03   5.36E-03                                              
 8.42E-07   4.54E-03   5.36E-03                                              
 8.65E-07   4.59E-03   5.36E-03                                              
 8.87E-07   4.63E-03   5.36E-03                                              
 9.10E-07   4.67E-03   5.36E-03                                              
 9.32E-07   4.70E-03   5.35E-03                                              
 9.55E-07   4.74E-03   5.35E-03                                              
 9.77E-07   4.78E-03   5.35E-03                                              
 1.00E-06   4.81E-03   5.35E-03                                              
 1.00E-06   4.81E-03   5.35E-03                                              
 1.22E-06   5.10E-03   5.34E-03                                              
 1.45E-06   5.33E-03   5.33E-03                                              
 1.68E-06   5.51E-03   5.32E-03                                              
 1.90E-06   5.65E-03   5.32E-03                                              
 2.13E-06   5.77E-03   5.31E-03                                              
 2.35E-06   5.87E-03   5.31E-03                                              
 2.58E-06   5.95E-03   5.31E-03                                              
 2.80E-06   6.03E-03   5.30E-03                                              
 3.03E-06   6.09E-03   5.30E-03                                              
 3.25E-06   6.15E-03   5.30E-03                                              
 3.48E-06   6.20E-03   5.29E-03                                              
 3.70E-06   6.24E-03   5.29E-03                                              
 3.93E-06   6.28E-03   5.29E-03                                              
 4.15E-06   6.32E-03   5.29E-03                                              
 4.38E-06   6.35E-03   5.29E-03                                              
 4.60E-06   6.38E-03   5.29E-03                                              
 4.83E-06   6.41E-03   5.29E-03                                              
 5.05E-06   6.44E-03   5.28E-03                                              
 5.28E-06   6.46E-03   5.28E-03                                              
 5.50E-06   6.48E-03   5.28E-03                                              
 5.73E-06   6.50E-03   5.28E-03                                              
 5.95E-06   6.52E-03   5.28E-03                                              
 6.18E-06   6.54E-03   5.28E-03                                              
 6.40E-06   6.55E-03   5.28E-03                                              
 6.63E-06   6.57E-03   5.28E-03                                              
 6.85E-06   6.58E-03   5.28E-03                                              
 7.08E-06   6.60E-03   5.27E-03                                              
 7.30E-06   6.61E-03   5.27E-03                                              
 7.53E-06   6.62E-03   5.27E-03                                              
 7.75E-06   6.63E-03   5.27E-03                                              
 7.98E-06   6.65E-03   5.27E-03                                              
 8.20E-06   6.66E-03   5.27E-03                                              
 8.43E-06   6.67E-03   5.27E-03                                              
 8.65E-06   6.68E-03   5.27E-03                                              
 8.88E-06   6.69E-03   5.27E-03                                              
 9.10E-06   6.69E-03   5.27E-03                                              
 9.33E-06   6.70E-03   5.27E-03                                              
 9.55E-06   6.71E-03   5.27E-03                                              
 9.78E-06   6.72E-03   5.27E-03                                              
 1.00E-05   6.73E-03   5.27E-03                                              
 1.00E-05   6.73E-03   5.27E-03                                              
 1.22E-05   6.79E-03   5.26E-03                                              
 1.45E-05   6.83E-03   5.25E-03                                              
 1.68E-05   6.87E-03   5.25E-03                                              
 1.90E-05   6.89E-03   5.25E-03                                              
 2.13E-05   6.92E-03   5.24E-03                                              
 2.35E-05   6.94E-03   5.24E-03                                              
 2.58E-05   6.96E-03   5.23E-03                                              
 2.80E-05   6.97E-03   5.23E-03                                              
 3.03E-05   6.99E-03   5.22E-03                                              
 3.25E-05   7.00E-03   5.22E-03                                              
 3.48E-05   7.02E-03   5.22E-03                                              
 3.70E-05   7.03E-03   5.21E-03                                              
 3.93E-05   7.04E-03   5.21E-03                                              
 4.15E-05   7.05E-03   5.21E-03                                              
 4.38E-05   7.06E-03   5.20E-03                                              
 4.60E-05   7.07E-03   5.20E-03                                              
 4.83E-05   7.08E-03   5.19E-03                                              
 5.05E-05   7.09E-03   5.19E-03                                              
 5.28E-05   7.10E-03   5.19E-03                                              
 5.50E-05   7.11E-03   5.18E-03                                              
 5.73E-05   7.12E-03   5.18E-03                                              
 5.95E-05   7.13E-03   5.18E-03                                              
 6.18E-05   7.14E-03   5.17E-03                                              
 6.40E-05   7.14E-03   5.17E-03                                              
 6.63E-05   7.15E-03   5.17E-03                                              
 6.85E-05   7.16E-03   5.16E-03                                              
 7.08E-05   7.17E-03   5.16E-03                                              
 7.30E-05   7.18E-03   5.15E-03                                              
 7.53E-05   7.19E-03   5.15E-03                                              
 7.75E-05   7.19E-03   5.15E-03                                              
 7.98E-05   7.20E-03   5.14E-03                                              
 8.20E-05   7.21E-03   5.14E-03                                              
 8.43E-05   7.22E-03   5.14E-03                                              
 8.65E-05   7.22E-03   5.13E-03                                              
 8.88E-05   7.23E-03   5.13E-03                                              
 9.10E-05   7.24E-03   5.13E-03                                              
 9.33E-05   7.25E-03   5.12E-03                                              
 9.55E-05   7.25E-03   5.12E-03                                              
 9.78E-05   7.26E-03   5.12E-03                                              
 1.00E-04   7.27E-03   5.11E-03                                              

 
 
NOT VALID BELOW IONIC CONCENTRATION OF CHELATOR/METAL COMPLEX [ 0.055 N]
